Xiaomi_Redmi_Note_7, screen On
0 0 0 0 0
0 0 0 0 0
0 0 0 0 0
2 2 2 2 2
6725 2966 6755 10487 12341
58942 87283 60698 78310 77208
98705 148489 110809 153395 128998
144368 253482 180695 285888 240651
192939 341012 240695 374060 360649
275402 450546 327260 574306 522943
334290 510453 392915 715577 654269
420698 595072 520142 917841 900649
519692 707820 651375 1180703 1140650
581488 775117 720699 1320696 1311024
677102 876090 863611 1560696 1740656
735935 941972 932918 1680694 1967345
824150 1020686 1036131 1860693 2280652
900695 1135240 1140696 2100429 2580652
960700 1171711 1213052 2280695 2820440
1047570 1261186 1312922 2559846 3060650
1103398 1322722 1378658 2756767 3240715
1178999 1412132 1487304 3000695 3540650
1240053 1470756 1560698 3150501 3660655
1292951 1555768 1669989 3412971 3887383
1372288 1639322 1765813 3660693 4127275
1425188 1694403 1830691 3780695 4289179
1500698 1778617 1904383 4069206 4526300
1557411 1825140 1970122 4200434 4701312
1636718 1917897 2090162 4440693 4951578
1680697 1973614 2160695 4620696 5116967
1768452 2040688 2241856 4850169 5372669
1833958 2140797 2339146 5100693 5628764
1899435 2198003 2400695 5277121 5773190
1964918 2280692 2537944 5531735 6035550
2030369 2309501 2604279 5700695 6232333
2095829 2394576 2692694 5972168 6480653
2166924 2478196 2809163 6240694 6757113
2219810 2535403 2880696 6431495 6953881
2300590 2620504 2993309 6720697 7216309
2353446 2675227 3058178 6900697 7413141
2432750 2760689 3152526 7200697 7738742
2485600 2820688 3240700 7415783 7920650
2566356 2909546 3349548 7740694 8200242
2640707 2994663 3475032 8040694 8520655
2700704 3041495 3540695 8264943 8700657
2785166 3120685 3622352 8580696 9052900
2840969 3180685 3693107 8760695 9240650
2924674 3267674 3819727 9120695 9577450
3000698 3364549 3924391 9450068 9960659
3060694 3429155 4006307 9712491 10200650
3143359 3525866 4137637 10080695 10560650
3180703 3591297 4200695 10303008 10800650
3271221 3691924 4377982 10680697 11151445
3332900 3759457 4459051 10920693 11400655
3420698 3853089 4597266 11280693 11807473
3517917 3960685 4728611 11680792 12135630
3581026 4020686 4859837 11940695 12398103
3666979 4140685 4980696 12271181 12988467
3732435 4200686 5040701 12533647 13200651
3839369 4311266 5220695 12840696 13560666
3928777 4430427 5340695 13140692 13841401
3994238 4500691 5450872 13380696 14038221
4110981 4611043 5580700 13620693 14258220
4179963 4680687 5647994 13800693 14440721
4256019 4769537 5796431 14100704 14839340
4356112 4835733 5880446 14280695 15033577
4426572 4953203 6007213 14632814 15350320
4535195 5072132 6208866 14940692 15678361
4608607 5149962 6292849 15157627 15922533
4718726 5268912 6420698 15540695 16268773
4793619 5349670 6513912 15771441 16527361
4908109 5473039 6649547 16158392 16909944
5022643 5597855 6827677 16535118 17280653
5100452 5683032 6919036 16779385 17514734
5214943 5810759 7054599 17100693 17820651
5280704 5895954 7140695 17314943 18040102
5399885 6013455 7315227 17628309 18535800
5460692 6097188 7380694 17847009 18720673
5564970 6209896 7536236 18180693 19080652
5690551 6340813 7671743 18540694 19440650
5760702 6420688 7740695 18814094 19679632
5875447 6537173 7880861 19158775 20007592
5940702 6640465 7980694 19380692 20269944
6060314 6733550 8143444 19740697 20580660
6120704 6834264 8209118 19980693 20820650
6219125 6929898 8381638 20333810 21180650
6349923 7060781 8520695 20640694 21515962
6393304 7126247 8603156 20864104 21778311
6503313 7257119 8720455 21240694 22080650
6578121 7301094 8811768 21420693 22302951
6688128 7417080 8950217 21780695 22630752
6799606 7533070 9087165 22080699 22958533
6873034 7612356 9178465 22306900 23220650
7003647 7735671 9300694 22620693 23520653
7107214 7828087 9391014 22860694 23745224
7260699 7976777 9540695 23220696 24060650
7380703 8100691 9653427 23400693 24269738
7590089 8280686 9840701 23749745 24597568
7850227 8520689 10080694 24077613 24960650
8040698 8754243 10243079 24339894 25187633
8240029 8940688 10439451 24536573 25380650
Xiaomi_Redmi_Note_7, screen Off
0 0 0 0 0
2 0 0 0 0
39057 0 0 0 0
60631 2 2 2 2
127768 2984 13766 2459 2444
195348 52928 78101 89577 63166
240619 91195 120615 148009 113763
300632 133860 195350 240646 190175
338646 177993 258044 317711 240667
411714 250063 347338 418794 343096
461458 300702 391115 480645 412226
540446 377967 480615 587457 506263
622349 454400 578737 690294 637674
680860 508806 637362 780644 703404
765771 588224 717707 930532 834905
819942 645588 780615 989405 934022
893152 720675 848466 1080646 1020668
960630 808818 930653 1200645 1140668
1010276 840697 986409 1260645 1200667
1057122 914634 1067112 1349481 1277926
1103989 966076 1121410 1415900 1342891
1169906 1042515 1200618 1513338 1440316
1213829 1092503 1253513 1578303 1500668
1281202 1167469 1332777 1675764 1596816
1347078 1240965 1409124 1771777 1680668
1391016 1287979 1459047 1833800 1740668
1456916 1358520 1533932 1908562 1837436
1497859 1407020 1583870 1974400 1887844
1560627 1477565 1658758 2081936 1980668
1610716 1526062 1699222 2143978 2040668
1676645 1601011 1764691 2220643 2135686
1720583 1674489 1830174 2296125 2217014
1764521 1703581 1874654 2355216 2280668
1830471 1774446 1949566 2448268 2345416
1874423 1824410 1999513 2510300 2404495
1940365 1897891 2074447 2601879 2493116
2009252 1965688 2149380 2694962 2580671
2053218 2019891 2199325 2757003 2640667
2119183 2094868 2274262 2850067 2730937
2160620 2143386 2324215 2896376 2790016
2216431 2218367 2399156 3000643 2875495
2274532 2268356 2450585 3060645 2939187
2340626 2318347 2520614 3159821 3030801
2400620 2393322 2580615 3240645 3120668
2437208 2443304 2631356 3300645 3180668
2510572 2518295 2710728 3417327 3270575
2554429 2568293 2760613 3449826 3336407
2624758 2640696 2845964 3548806 3420668
2695070 2722676 2928278 3650749 3533935
2740438 2760699 2984145 3720181 3577200
2819618 2856472 3060615 3818438 3682044
2869706 2909388 3120615 3884318 3752907
2935303 2993175 3206026 3997976 3859236
3000627 3049043 3269338 4068885 3928893
3060635 3104897 3337102 4178232 4039346
3163941 3190172 3419283 4279545 4140669
3193209 3247508 3483970 4345430 4220917
3276732 3335710 3580984 4477161 4320668
3333840 3394504 3645664 4543026 4389487
3417401 3480697 3742681 4670222 4500668
3505318 3575296 3840615 4786939 4620668
3566817 3638504 3900613 4860644 4680668
3653301 3720696 3992474 4980453 4800668
3714836 3780694 4057998 5040646 4908410
3808599 3897193 4168976 5160645 5032367
3873076 3960694 4238061 5220648 5100668
3960629 4062897 4346811 5340646 5220669
4048445 4140695 4440615 5464945 5321614
4111841 4236653 4560614 5549143 5402767
4240827 4319051 4648050 5679103 5531173
4274515 4390624 4740615 5760645 5615293
4372646 4519284 4844924 5893276 5740716
4478176 4619295 4955960 6030715 5873566
4555888 4704730 5030943 6108947 5959167
4699122 4800696 5141188 6237450 6081627
4800622 4860696 5216165 6321084 6162767
4917923 4975271 5326429 6450161 6282247
5004787 5040697 5399921 6518652 6360418
5092928 5144290 5500319 6650304 6480668
5200236 5243054 5617420 6780647 6600668
5267791 5308553 5689430 6847790 6691965
5354800 5400695 5795244 6979412 6823556
5420244 5460699 5867245 7080645 6900667
5520625 5570518 5958898 7200644 7020668
5580624 5635999 6024397 7260645 7136797
5681933 5760696 6153715 7415699 7260668
5791711 5843485 6240616 7505876 7380668
5856275 5911029 6334359 7620645 7440668
5920805 6015243 6417269 7740644 7560668
5985219 6085710 6480616 7790615 7678546
6090929 6191396 6582528 7916080 7764167
6204950 6300696 6689721 8040037 7888166
6297387 6398102 6767487 8124142 7969326
6447920 6540695 6899440 8262739 8093296
6540630 6657123 7000520 8360955 8184746
6725903 6840695 7168878 8545473 8336824
6872347 6960697 7297594 8680818 8460668
7116905 7200696 7500614 8880643 8664964
7375896 7527655 7787809 9180644 8927244
7620635 7787435 8026019 9409473 9120668
7893468 8047037 8242829 9660645 9360668
