
 Hijos SIN Mutar

** Mostrando la Poblacion
* Solucion 0
0,20,62,0,1,0,62,85,75,1,0,30,56,50,0,0,56,75,50,0,0,40,43,75,0,0,43,90,75,1,0,22,34,30,1,0,34,83,50,0,0,25,30,75,1,0,30,87,100,0,
* Solucion 1
0,20,62,0,1,0,62,85,75,1,0,30,56,50,0,0,56,75,50,0,0,40,43,75,0,0,43,90,75,1,0,22,34,30,1,0,34,83,50,0,0,25,30,75,1,0,30,87,100,0,
* Solucion 2
0,20,37,100,0,0,37,85,0,0,0,30,45,0,0,0,45,75,0,0,0,40,46,75,1,0,46,90,30,1,0,22,72,30,1,0,72,83,100,1,0,25,83,0,0,0,83,87,0,0,
* Solucion 3
0,20,37,100,0,0,37,85,0,0,0,30,45,0,0,0,45,75,0,0,0,40,46,75,1,0,46,90,30,1,0,22,72,30,1,0,72,83,100,1,0,25,83,0,0,0,83,87,0,0,
* Solucion 4
0,20,37,100,0,0,37,85,0,0,0,30,45,0,0,0,45,75,0,0,0,40,46,75,1,0,46,90,30,1,0,22,72,30,1,0,72,83,100,1,0,25,83,0,0,0,83,87,0,0,
* Solucion 5
0,20,37,100,0,0,37,85,0,0,0,30,45,0,0,0,45,75,0,0,0,40,46,75,1,0,46,90,30,1,0,22,72,30,1,0,72,83,100,1,0,25,83,0,0,0,83,87,0,0,


 Hijos Mutados

** Mostrando la Poblacion
* Solucion 0
0,20,62,50,1,0,62,85,75,1,0,30,66,30,1,0,66,75,50,0,0,40,43,75,1,0,43,90,75,1,0,22,34,100,1,0,34,83,50,0,0,25,30,30,1,0,30,87,100,0,
* Solucion 1
0,20,62,0,1,0,62,85,75,1,0,30,31,50,0,0,31,75,50,0,0,40,45,75,1,0,45,90,100,1,0,22,49,0,1,0,49,83,50,1,0,25,30,75,0,0,30,87,100,0,
* Solucion 2
0,20,43,100,1,0,43,85,0,0,0,30,40,0,0,0,40,75,0,0,0,40,66,75,1,0,66,90,30,1,0,22,72,30,1,0,72,83,100,1,0,25,45,50,0,0,45,87,0,0,
* Solucion 3
0,20,37,30,0,0,37,85,0,1,0,30,45,100,0,0,45,75,0,1,0,40,50,75,1,0,50,90,50,1,0,22,72,100,1,0,72,83,100,1,0,25,83,30,0,0,83,87,0,0,
* Solucion 4
0,20,37,100,0,0,37,85,0,0,0,30,45,0,0,0,45,75,0,1,0,40,46,75,0,0,46,90,30,1,0,22,51,30,0,0,51,83,75,1,0,25,68,0,1,0,68,87,30,1,
* Solucion 5
0,20,75,0,1,0,75,85,0,0,0,30,73,0,0,0,73,75,0,1,0,40,46,50,1,0,46,90,30,1,0,22,37,30,1,0,37,83,100,1,0,25,83,0,1,0,83,87,0,0,
